01 962 -1627 51 2.3 152939 0 0
02 962 -1626 52 1.4 150887 0 0
03 963 -1625 53 0.4 148544 0 0
04 963 -1625 54 0.6 145453 0 0
05 964 -1624 54 1.6 142278 0 0
06 964 -1623 55 2.6 138862 0 0
07 965 -1622 56 3.6 135244 0 0
08 966 -1621 57 3.0 132193 0 0
09 966 -1620 58 2.0 130438 0 0
10 967 -1619 58 0.9 129765 1 1
11 967 -1618 59 0.2 129637 0 0
12 968 -1618 60 1.3 129748 0 0
13 969 -1617 60 2.4 129827 0 0
14 969 -1616 61 3.5 129935 0 0
15 970 -1615 62 4.7 129980 0 0
16 971 -1614 62 5.8 130056 0 0
17 971 -1613 63 7.0 130066 0 0
18 972 -1612 64 8.2 129620 0 0
19 972 -1611 64 9.4 129559 0 0
20 973 -1610 65 10.6 129552 0 0
21 974 -1609 65 11.8 129574 0 0
22 974 -1608 66 13.0 129654 0 0
23 975 -1607 67 14.2 129627 0 0
24 975 -1607 67 14.2 130262 0 0
25 975 -1607 68 14.2 130432 0 0
26 975 -1607 68 14.2 128932 0 0
27 975 -1607 69 14.2 127309 0 0
28 975 -1607 69 14.2 126053 0 0
29 975 -1607 70 14.2 125111 0 0
30 975 -1607 70 14.2 124369 0 0
