01 962 -1627 51 2.4 153508 855 851
02 962 -1626 52 1.6 152139 0 0
03 963 -1626 52 0.9 150534 0 0
04 963 -1625 53 0.2 148773 0 0
05 963 -1625 54 0.6 146376 0 0
06 964 -1624 54 1.3 144133 0 0
07 964 -1623 55 2.1 141793 0 0
08 965 -1623 55 2.8 139381 18 18
09 965 -1622 56 3.6 136862 89 88
10 965 -1621 57 3.3 134423 262 258
11 966 -1621 57 2.5 132026 734 729
12 966 -1620 58 1.7 130389 1796 1789
13 967 -1619 58 0.9 129881 3166 3126
14 967 -1619 59 0.1 129773 2336 2278
15 968 -1618 59 0.7 129742 0 0
16 968 -1617 60 1.6 129795 0 0
17 969 -1617 60 2.4 129845 0 0
18 969 -1616 61 3.2 129942 0 0
19 970 -1615 61 4.1 130001 0 0
20 970 -1614 62 5.0 130029 0 0
21 971 -1614 62 5.8 130100 0 0
