01 987 -1590 27 0.0 134811 0 0
02 988 -1590 28 0.0 134600 0 0
03 988 -1590 30 0.0 134279 0 0
04 989 -1589 31 0.0 133743 0 0
05 989 -1589 32 0.0 133133 0 0
06 990 -1589 34 0.0 132491 0 0
07 990 -1588 35 0.0 131643 0 0
08 991 -1588 36 0.0 130611 0 0
09 991 -1587 37 0.0 129386 0 0
10 992 -1587 39 0.0 128150 0 0
11 992 -1587 40 0.0 126933 0 0
12 993 -1586 41 0.0 125575 0 0
13 994 -1586 42 0.0 123929 0 0
14 994 -1585 43 0.0 122256 0 0
15 995 -1585 44 0.0 120279 0 0
16 995 -1584 45 0.0 117945 0 0
17 996 -1584 46 0.0 115275 0 0
18 997 -1583 47 0.0 112665 0 0
19 997 -1582 48 0.0 110279 0 0
20 998 -1582 49 0.0 107829 0 0
21 999 -1581 50 0.0 105483 0 0
22 999 -1581 51 0.0 103187 0 0
23 1000 -1580 52 0.0 101006 0 0
24 1001 -1579 53 0.0 98908 0 0
25 1002 -1578 54 0.0 96740 0 0
26 1002 -1578 55 0.0 94793 0 0
27 1003 -1577 55 0.0 92944 0 0
28 1004 -1576 56 0.0 91139 0 0
29 1004 -1576 57 0.0 89444 0 0
30 1005 -1575 58 0.0 87858 0 0
31 1006 -1574 59 0.0 86341 0 0
32 1007 -1573 59 0.0 84939 0 0
33 1007 -1572 60 0.0 83563 0 0
34 1008 -1571 61 0.0 82265 0 0
35 1009 -1571 61 0.0 81122 0 0
36 1009 -1570 62 0.0 79973 0 0
