01 1920 -59 50 58.8 146477 0 0
02 1920 -58 50 57.9 146527 0 0
03 1920 -57 51 56.9 146540 0 0
04 1920 -56 52 56.0 146574 0 0
05 1920 -55 53 55.0 146590 0 0
06 1920 -54 53 54.0 146563 0 0
07 1920 -53 54 53.0 146621 0 0
08 1920 -52 55 52.0 146676 0 0
09 1920 -51 55 51.0 146925 0 0
10 1920 -50 56 50.0 147157 0 0
11 1920 -49 57 48.9 147463 0 0
12 1920 -48 57 47.9 147777 0 0
13 1920 -47 58 46.8 148142 0 0
14 1920 -46 59 45.7 148503 0 0
15 1920 -45 59 44.6 148953 0 0
16 1920 -44 60 43.5 149312 0 0
17 1920 -42 60 42.4 149753 0 0
18 1920 -41 61 41.3 150259 0 0
19 1920 -40 61 40.1 150789 0 0
20 1920 -39 62 39.0 150930 0 0
21 1920 -38 62 37.9 151103 0 0
22 1920 -37 63 36.7 151242 0 0
23 1920 -36 63 35.5 151411 0 0
24 1920 -34 64 34.4 151617 0 0
25 1920 -33 64 33.2 151913 0 0
26 1920 -32 64 32.0 152280 0 0
27 1920 -31 65 30.8 152653 0 0
28 1920 -30 65 29.6 153131 0 0
29 1920 -28 65 28.4 153647 0 0
30 1920 -27 66 27.2 154236 0 0
31 1920 -26 66 25.9 154808 0 0
32 1920 -25 66 24.7 155482 0 0
33 1920 -23 67 23.5 156221 0 0
34 1920 -22 67 22.2 157061 0 0
35 1920 -21 67 21.0 158002 0 0
36 1920 -20 68 19.7 159059 0 0
