01 1904 -119 59 37005 14 79
02 1904 -120 60 34357 7 55
03 1903 -121 60 31785 15 88
04 1903 -122 60 29202 0 49
05 1903 -122 61 26916 14 92
06 1902 -123 61 24939 4 71
07 1902 -124 61 23262 11 69
08 1902 -125 62 21796 2 84
09 1901 -126 62 20476 9 76
10 1901 -126 62 19332 3 65
11 1901 -127 62 18317 5 74
12 1900 -128 63 17417 5 68
13 1900 -129 63 16656 1 76
14 1900 -130 63 15946 3 63
15 1899 -130 64 15241 5 72
16 1899 -131 64 14580 5 71
17 1899 -132 64 14011 2 75
18 1898 -133 65 13494 5 79
19 1898 -134 65 13021 1 80
20 1898 -134 65 12605 4 72
21 1897 -135 65 12235 2 56
22 1897 -136 66 11849 4 67
23 1897 -137 66 11474 3 51
24 1896 -138 66 11103 2 56
25 1896 -139 66 10766 5 45
26 1896 -140 67 10477 2 57
27 1895 -140 67 10183 1 42
28 1895 -141 67 9903 6 59
29 1895 -142 67 9646 10 76
30 1894 -143 67 9409 5 66
31 1894 -144 67 9172 2 66
32 1894 -145 68 8961 11 54
33 1893 -146 68 8724 2 46
34 1893 -146 68 8507 2 60
35 1892 -147 68 8296 8 56
36 1892 -148 68 8019 5 33
